Example:

h[0:2]  3  2  1
x[0:4]  1  2  2  1  1


        1  1  2  2  1
                       3  2  1
y[-1] =                0

        0  1  1  2  2  1 
                       3  2  1
y[0] =                 3

        0  0  1  1  2  2  1 
                       3  2  1
y[1] =                 6 +2 = 8

        0  0  0  1  1  2  2  1 
                       3  2  1
y[2] =                 6 +4 +1 = 11

        0  0  0  0  1  1  2  2  1 
                       3  2  1
y[3] =                  3 +4 +2 = 9

        0  0  0  0  0  1  1  2  2  1 
                       3  2  1
y[4] =                 3 +2 +2 = 7

        0  0  0  0  0  0  1  1  2  2  1 
                       3  2  1
y[5] =                 0 +2 +1 = 3

        0  0  0  0  0  0  0  1  1  2  2  1 
                       3  2  1
y[6] =                 0 +0 +1 = 1

        0  0  0  0  0  0  0  0  1  1  2  2  1 
                       3  2  1
y[7] =                       0
