x    xi   y          yi
---- ---- ---------- -------------------------------
1.0       +0.841471
     1.5             +0.875384  +1.003349  +0.952391
2.0       +0.909297
     2.5             +0.525209  +0.597459  +0.607689
3.0       +0.141120
     3.5             -0.307841  -0.350458  -0.352613
4.0       -0.756802
     4.5             -0.857863  -0.977695  -0.973527
5.0       -0.958924
     5.5             -0.619170  -0.705416  -0.703281
6.0       -0.279415
     6.5             +0.188786  +0.214984  +0.213946
7.0       +0.656987
     7.5             +0.823172  +0.938220  +0.936819
8.0       +0.989358
     8.5             +0.700738  +0.797931  +0.788606
9.0       +0.412118
     9.5             -0.065951  -0.072594  -0.047878
10.0      -0.544021
---- ---- ---------- -------------------------------
                     linear     polynomial  cspline
